Year  Divided Unified D Unified R
1938  10  21  15
1940  15  19  12
1942  9 17  20
1944  10  18  18
1946  8 17  21
1948  15  18  13
1950  15  15  16
1952  8 14  24
1954  16  16  14
1956  17  18  11
1958  21  22  5
1960  18  22  8
1962  17  21  10
1964  21  24  3
1966  24  14  10
1968  20  13  15
1970  21  17  10
1972  24  17  8
1974  21  27  1
1976  22  27  0
1978  24  21  4
1980  25  17  7
1982  21  24  4
1984  28  17  4
1986  30  14  5
1988  31  14  4
1990  29  17  3
1992  30  16  3
1994  26  8 15
1996  31  6 12
1998  25  10  14
2000  28  8 13
2002  29  8 12
2004  30  7 12
2006  23  16  10
2008  24  17  8
2010  18  11  20
2012  11  14  24